0.4098
0.4967
0.8330
0.3560
0.1949
0.5665
0.8363
0.7111
0.8727
0.2549
0.3067
0.8429
0.6386
0.6116
0.5219
0.6236
0.4781
0.4376
0.2648
0.6284
0.4264
0.9197
0.1759
0.3903
0.2942
0.0536
0.7649
0.2939
0.1389
0.0577
0.4848
0.4663
0.1437
0.3467
0.6441
0.4964
0.5760
0.2524
0.1300
0.9514
0.4563
0.4037
0.3866
0.5788
0.2749
0.9316
0.1682
0.3624
0.1143
0.1510
0.7444
0.1732
0.4518
0.0942
0.5066
0.9323
0.8733
0.0167
0.6553
0.3192
0.8758
0.0618
0.7748
0.8086
0.8237
0.0542
0.4143
0.3887
0.2395
0.2493
0.5215
0.3385
0.4527
0.4082
0.7215
0.3617
0.5175
0.2948
0.4234
0.9057
0.9869
0.3413
0.7960
0.9180
0.6236
0.6593
0.4439
0.1876
0.7264
0.6334
0.0735
0.1437
0.4602
0.6314
0.5527
0.5528
0.0418
0.8719
0.7272
0.2879
0.6498
0.8546
0.8847
0.3498
0.4205
0.4774
0.4360
0.6627
0.8200
0.7486
0.8542
0.6070
0.4449
0.9824
0.5254
0.3332
0.4743
0.4321
0.0710
0.8265
0.9919
0.7264
0.0361
0.6939
0.1163
0.4345
0.1798
0.5000
0.1499
0.7119
0.4104
0.4192
0.5217
0.0530
0.4939
0.7445
0.2504
0.8712
0.3196
0.4438
0.0720
0.1371
0.6114
0.3683
0.7436
0.7232
0.8895
0.0248
0.8410
0.2107
0.1698
0.2385
0.8699
0.9922
0.1393
0.5064
0.0258
0.8012
0.3554
0.0274
0.9824
0.6374
0.2129
0.5147
0.8359
0.1800
0.9073
0.4068
0.0619
0.3844
0.6970
0.2899
0.2677
0.9278
0.8109
0.1921
0.0444
0.1748
0.4956
0.9652
0.1418
0.5664
0.4384
0.5273
0.2686
0.3171
0.3915
0.0343
0.2837
0.7761
0.1156
0.8122
0.4559
0.4434
0.4974
0.1504
0.0428
0.2285
0.3747
0.2691
0.6211
0.7873
0.4027
0.1183
0.7181
0.1639
0.1314
0.6368
0.0568
0.0228
0.6085
0.0495
0.7244
0.1291
0.0200
0.8750
0.5405
0.8335
0.0104
0.1567
0.9114
0.8320
0.7547
0.3311
0.9441
0.9251
0.1929
0.7562
0.5764
0.2993
0.7074
0.9674
0.9461
0.2145
0.5665
0.8920
0.5395
0.2156
0.7022
0.3763
0.3994
0.1986
0.5444
0.7827
0.3828
0.6641
0.0631
0.8040
0.9296
0.3869
0.8474
0.0788
0.2522
0.7796
0.4788
0.9166
0.3658
0.6454
0.5224
0.5536
0.4706
0.8733
0.9259
0.5796
0.7422
0.2437
0.0195
0.7100
0.7564
0.8135
0.7553
0.6534
0.5766
0.3310
0.2083
0.6167
0.6449
0.5879
0.6805
0.7448
0.3269
0.7981
0.2163
0.9945
0.4071
0.8850
0.4044
0.7273
0.1648
0.5489
0.5129
0.6738
0.9880
0.2525
0.8839
0.1411
0.5127
0.8490
0.1802
0.2067
0.8271
0.6414
0.4319
0.8241
0.5863
0.8700
0.8355
0.0028
0.8855
0.5549
0.9424
0.4814
0.3090
0.4234
0.6872
0.0910
0.9088
0.5672
0.3958
0.0554
0.8053
0.1128
0.5442
0.4033
0.1588
0.2194
0.2868
0.6876
0.5883
0.5030
0.9217
0.8392
0.9179
0.5681
0.3199
0.5519
0.2706
0.2045
0.8273
0.5399
0.5555
0.3190
0.9848
0.4869
0.6524
0.8402
0.8430
0.2804
0.4403
0.5571
0.0163
0.3473
0.4802
0.0272
0.5857
0.8204
0.2288
0.3546
0.2456
0.3850
0.5906
0.9296
0.2824
0.9272
0.3308
0.3799
0.8893
0.1589
0.8609
0.4423
0.7835
0.7670
0.8212
0.4879
0.6973
0.8997
0.3022
0.9596
0.4555
0.1123
0.0079
0.8029
0.4359
0.2203
0.1316
0.0875
0.0799
0.0036
0.7623
0.4812
0.0503
0.5335
0.6101
0.7773
0.3012
0.5671
0.5845
0.2658
0.3717
0.4196
0.2109
0.3244
0.8887
0.6415
0.6822
0.2388
0.3967
0.5399
0.4973
0.1701
0.2012
0.8260
0.9807
0.6509
0.2043
0.5449
0.8891
0.6577
0.7949
0.3378
0.6852
0.7713
0.0717
0.1118
0.0948
0.0712
0.0673
0.2559
0.8984
0.9055
0.4048
0.3182
0.6801
0.8403
0.8857
0.3616
0.7154
0.4693
0.1708
0.2184
0.0556
0.3184
0.2288
0.2117
0.4302
0.1690
0.4462
0.3083
0.5510
0.7630
0.2116
0.2670
0.8556
0.0693
0.3501
0.0914
0.9807
0.8834
0.2317
0.3453
0.0168
0.1746
0.8924
0.2438
0.6448
0.3651
0.7073
0.3572
0.5334
0.4433
0.3180
0.6136
0.2909
0.7525
0.4340
0.1434
0.7959
0.7604
0.3548
0.7387
0.4020
0.7745
0.9965
0.0848
0.2823
0.0923
0.0270
0.9468
0.6193
0.0774
0.0110
0.9208
0.1066
0.4532
0.2170
0.3172
0.7985
0.1384
0.1292
0.2826
0.9835
0.9965
0.9730
0.2800
0.0984
0.4862
0.6924
0.9344
0.8219
0.8303
0.0512
0.4099
0.9979
0.7515
0.3429
0.0695
0.4770
0.8163
0.9004
0.2981
0.8565
0.4741
0.5716
0.2134
0.9050
0.4974
0.3457
0.2345
0.1428
0.1330
0.3264
0.9214
0.8874
0.0749
0.5753
0.3428
0.5966
0.5058
0.1210
0.9562
0.5434
0.5153
0.6391
0.3206
0.3560
0.8934
0.8484
0.8444
0.3998
0.3509
0.7729
0.8788
0.5033
0.3279
0.2180
0.1455
0.6382
0.8795
0.8683
0.8433
0.5836
0.7717
0.5174
0.1568
0.8240
0.0339
0.0119
0.2683
0.2164
0.3075
0.4454
0.4863
0.5329
0.4666
0.4882
0.1658
0.5915
0.0511
0.2883
0.2802
0.4260
0.5615
0.0916
0.8488
0.6121
0.8463
0.8178
0.7806
0.7148
0.7342
0.9689
0.1520
0.7252
0.2415
0.3431
0.8868
0.4442
0.3543
0.4685
0.3256
0.9199
0.2733
0.4206
0.5923
0.1239
0.7729
0.2053
0.0354
0.9705
0.2000
0.3971
0.3167
0.0533
0.3279
0.3073
0.0311
0.0370
0.4475
0.2610
0.9187
0.9971
0.3213
0.1433
0.9281
0.9883
0.6607
0.1961
0.8694
0.2711
0.2185
0.3923
0.6152
0.7020
0.7959
0.6275
0.0472
0.4652
0.5898
0.9942
0.9551
0.1197
0.2196
0.3983
0.5415
0.2412
0.3974
0.3462
0.0668
0.5896
0.8596
0.2585
0.5836
0.5847
0.1348
0.6469
0.6870
0.0880
0.6200
0.4085
0.6271
0.2010
0.2830
0.2193
0.3271
0.2280
0.8478
0.5856
0.7080
0.3686
0.6247
0.8504
0.6990
0.1639
0.4197
0.4025
0.9766
0.4127
0.1020
0.4192
0.8925
0.9641
0.9497
0.6441
0.2589
0.2535
0.1237
0.9259
0.2661
0.9833
0.7377
0.7009
0.8504
0.8753
0.9418
0.1550
0.0104
0.7303
0.3846
0.3254
0.6604
0.8893
0.3102
0.6426
0.6027
0.2900
0.3405
0.1523
0.5192
0.1297
0.9850
0.8274
0.7426
0.6297
0.8568
0.0370
0.1137
0.7884
0.1378
0.8268
0.6847
0.8857
0.3551
0.6711
0.1190
0.5645
0.5119
0.8361
0.8573
0.9371
0.0803
0.9735
0.7535
0.3949
0.5912
0.4970
0.7621
0.4584
0.8907
0.7276
0.4389
0.1622
0.0981
0.2322
0.4613
0.2114
0.1292
0.3079
0.1867
0.2305
0.7110
0.0947
0.7247
0.0232
0.2359
0.8089
0.2770
0.7231
0.2586
0.8483
0.7529
0.4040
0.2952
0.0028
0.0530
0.3012
0.3849
0.4020
0.7471
0.1473
0.8065
0.7654
0.7698
0.4701
0.8328
0.8100
0.8260
0.9263
0.5605
0.1346
0.2345
0.6910
0.4429
0.6082
0.1695
0.5639
0.8118
0.0340
0.4601
0.8527
0.4697
0.3131
0.5440
0.0379
0.4253
0.3586
0.7070
0.9437
0.3734
0.5602
0.2389
0.8391
0.3013
0.2216
0.0649
0.0280
0.8064
0.9806
0.2789
0.4111
0.6160
0.0514
0.3642
0.0333
0.1521
0.2133
0.5671
0.3128
0.9039
0.8768
0.5510
0.6070
0.1298
0.2918
0.3910
0.9504
0.6706
0.5918
0.7858
0.1501
0.1131
0.1077
0.2241
0.1011
0.2118
0.6450
0.6328
0.0637
0.2923
0.6978
0.4185
0.1358
0.7295
0.7459
0.1822
0.8871
0.4681
0.5097
0.1014
0.8949
0.3605
0.2348
0.4362
0.3555
0.1544
0.9352
0.7118
0.3134
0.4930
0.6959
0.8388
0.8362
0.1499
0.7995
0.6722
0.8582
0.1784
0.1830
0.9532
0.4694
0.1499
0.8893
0.6287
0.6073
0.7507
0.0916
0.2984
0.3226
0.3763
0.9743
0.4428
0.7281
0.7400
0.9325
0.0732
0.3381
0.3183
0.1926
0.5254
0.3134
0.9588
0.1678
0.2575
0.1619
0.5801
0.0368
0.6190
0.8726
0.4880
0.7950
0.6216
0.0034
0.9436
0.3402
0.2529
0.7469
0.3599
0.9014
0.5045
0.9117
0.5302
0.4958
0.6246
0.6564
0.8708
0.5095
0.1686
0.9360
0.0249
0.7232
0.4825
0.7812
0.7757
0.8759
0.3548
0.8491
0.5185
0.3819
0.9994
0.7509
0.7837
0.6455
0.8978
0.1394
0.1550
0.9733
0.1047
0.8538
0.8025
0.3587
0.0625
0.2574
0.3275
0.7530
0.8199
0.8946
0.8864
0.1194
0.9972
0.3108
0.2487
0.9123
0.5090
0.2837
0.7496
0.1790
0.3540
0.9023
0.8003
0.1462
0.7553
0.7864
0.9533
0.6449
0.0117
0.0715
0.9674
0.3257
0.5929
0.7967
0.4267
0.2931
0.1976
0.9181
0.0284
0.3143
0.6723
0.3301
0.7575
0.6246
0.7333
0.2867
0.2916
0.9574
0.8398
0.7579
0.1444
0.3512
0.0186
0.0105
0.2081
0.2166
0.6355
0.8388
0.4130
0.0323
0.8264
0.7064
0.7879
0.3795
0.0449
0.9354
0.9619
0.9204
0.7202
0.1575
0.6165
0.2332
0.5500
0.3573
0.2669
0.6740
0.1199
0.7015
0.9049
0.6319
0.8320
0.2706
0.2141
0.3330
0.9572
0.2326
0.7783
0.6551
0.5354
0.9877
0.3287
0.4644
0.7204
0.1565
0.5019
0.9957
0.4235
0.5155
0.8263
0.3972
0.0896
0.8280
0.7106
0.5127
0.1591
0.7427
0.4461
0.6485
0.6309
0.4838
0.3740
0.7167
0.8585
0.0872
0.5383
0.5091
0.4118
0.9644
0.6576
0.0723
0.4382
0.5624
0.0887
0.0614
0.7501
0.8557
0.5871
0.5162
0.5915
0.2881
0.8556
0.1863
0.3511
0.1309
0.7886
0.0296
0.6971
0.3387
0.3638
0.6255
0.2098
0.4714
0.9404
0.2413
0.8543
0.1357
0.7751
0.2029
0.3106
0.9900
0.0959
0.3838
0.3985
0.4627
0.0366
0.3037
0.5935
0.9697
0.2627
0.2697
0.0643
0.4366
0.8571
0.9675
0.6799
0.2100
0.1928
0.7750
0.4365
0.3092
0.3032
0.2612
0.3753
0.8325
0.3146
0.0030
0.9800
0.7099
0.4949
0.9022
0.7118
0.0929
0.1507
0.1891
0.2212
0.0195
0.9976
0.5976
0.6333
0.9458
0.9553
0.0054
0.0317
0.9493
0.0104
0.0133
0.8738
0.7659
0.4611
0.5958
0.5604
0.6700
0.0253
0.4075
0.3704
0.1832
0.0575
0.5253
0.9460
0.3829
0.0411
0.1476
0.4320
0.4415
0.1332
0.6656
0.1474
0.9798
0.1727
0.6749
0.7032
0.8379
0.2262
0.1855
0.3076
0.8200
0.6617
0.3076
0.5704
0.6646
0.4639
0.1456
0.5355
0.3956
0.4144
0.1368
0.5286
0.8545
0.9053
0.2696
0.9710
0.5465
0.5109
0.9006
0.3086
0.7903
0.2830
0.7192
0.6594
0.1181
0.9956
0.2057
0.8327
0.3194
0.6011
0.7519
0.8777
0.6714
0.8343
0.1428
0.2536
0.3837
0.1334
0.8671
0.8206
0.3525
0.6680
0.1963
0.0247
0.8389
0.4079
0.4674
0.8860
0.8774
0.0023
0.2986
0.1957
0.1985
0.4316
0.6982
0.4489
0.2448
0.6556
0.8076
0.1234
0.9488
0.0376
0.5574
0.2799
0.6020
0.6150
0.0666
0.5842
0.4371
0.9970
0.6394
0.9361
0.2292
0.1813
0.9269
0.8760
0.0596
0.7277
0.9398
0.2951
0.7649
0.7822
0.1610
0.5943
0.3496
0.1863
0.1705
0.0488
0.2037
0.4563
0.6765
0.9946
0.8230
0.2374
0.4438
0.8359
0.3654
0.9217
0.9939
0.0935
0.4842
0.6154
0.7357
0.4962
0.2422
0.7739
0.5015
0.8157
0.0011
0.9129
0.4621
0.7190
0.3586
0.7896
0.4162
0.1632
0.2048
0.4247
0.5928
0.0735
0.3046
0.3578
0.8298
0.7243
0.6164
0.0009
0.9232
0.0628
0.3806
0.1300
0.5539
0.5005
0.6179
0.9212
0.7116
0.4328
0.5099
0.1028
0.7735
0.8877
0.0596
0.6551
0.4696
0.1417
0.5324
0.6975
0.5806
0.1622
0.9314
0.7051
0.3220
0.2192
0.9945
0.1101
0.7510
0.4941
0.4749
0.7524
0.2062
0.8483
0.3279
0.6345
0.4673
0.3884
0.2492
0.3585
0.2002
0.6510
0.3639
0.4274
0.9382
0.7711
0.1213
0.1822
0.5074
0.4455
0.5030
0.0356
0.7765
0.9328
0.8449
0.7900
0.6141
0.7612
0.0117
0.2572
0.6355
0.2828
0.5830
0.5757
0.0635
0.9083
0.5046
0.8166
0.9528
0.8788
0.8075
0.1198
0.1397
0.3874
0.7689
0.2344
0.9932
0.5486
0.4069
0.1844
0.6582
0.9587
0.5417
0.7527
0.8557
0.7639
0.8696
0.2938
0.9288
0.6200
0.3970
0.4269
0.1366
0.2457
0.0478
0.5963
0.1301
0.4870
0.8789
0.7882
0.9188
0.8105
0.7288
0.1536
0.0111
0.0215
0.4928
0.3179
0.4954
0.5485
0.6146
0.7327
0.5663
0.2452
0.3123
0.3625
0.1667
0.6610
0.4147
0.2020
0.1718
0.4697
0.6702
0.6895
0.1441
0.3709
0.5926
0.4534
0.3637
0.1248
0.6200
0.1231
0.6732
0.2000
0.3202
0.5362
0.3731
0.2171
0.3074
0.3111
0.1478
0.5910
0.9689
0.9560
0.5306
0.4719
0.3857
0.3671
0.4613
0.1569
0.1988
0.9132
0.6706
0.0308
0.9583
0.7227
0.5641
0.8008
0.4532
0.6851
0.8702
0.5333
0.7496
0.9318
0.5331
0.0032
0.5987
0.6558
0.4805
0.2127
0.9707
0.2816
0.4153
0.4535
0.9962
0.0759
0.1263
0.8147
0.2973
0.0928
0.9619
0.8666
0.2761
0.3761
0.9954
0.5577
0.9397
0.4139
0.2031
0.7254
0.1226
0.0510
0.5359
0.7487
0.7885
0.0413
0.8682
0.5415
0.1012
0.9003
0.2379
0.8145
0.3824
0.7054
0.8238
0.0375
0.1684
0.8816
0.1355
0.5651
0.5403
0.7205
0.5366
0.2616
0.7564
0.4478
0.9726
0.7780
0.8207
0.5810
0.9611
0.1196
0.2944
0.7029
0.0573
0.7859
0.9464
0.3891
0.4918
0.2104
0.5076
0.5024
0.4809
0.8348
0.5972
0.0226
0.9988
0.4701
0.1352
0.3006
0.3749
0.8663
0.0939
0.8454
0.8666
0.0915
0.7308
0.1226
0.6508
0.8029
0.1195
0.6660
0.7307
0.4023
0.8448
0.5166
0.4317
0.3152
0.3397
0.6376
0.3271
0.8092
0.5325
0.6860
0.5111
0.6546
0.7068
0.8348
0.5839
0.0806
0.6186
0.3920
0.5646
0.8527
0.6799
0.7426
0.2977
0.2939
0.3931
0.6238
0.7651
0.0595
0.2022
0.9469
0.0244
0.4356
0.3951
0.9192
0.8949
0.6277
0.6700
0.4703
0.1872
0.9505
0.3824
0.6662
0.3349
0.4005
0.6344
0.1503
0.1315
0.5209
0.2743
0.8929
0.3239
0.2999
0.3997
0.5927
0.6928
0.8514
0.2414
0.1942
0.4856
0.1805
0.2163
0.4899
0.6346
0.3819
0.6336
0.2667
0.0868
0.0285
0.1940
0.9833
0.1391
0.1395
0.1545
0.6478
0.5931
0.2531
0.2672
0.2153
0.9856
0.3770
0.1204
0.6159
0.9791
0.6681
0.6532
0.6665
0.0817
0.2562
0.9825
0.7893
0.0599
0.0849
0.2828
0.3851
0.2082
0.0692
0.4384
0.7030
0.2608
0.0368
0.9260
0.3452
0.5435
0.3058
0.3916
0.8309
0.4042
0.4421
0.0451
0.6416
0.6815
0.4098
0.7563
0.7520
0.2945
0.6847
0.9389
0.5595
0.7813
0.7823
0.8605
0.0983
0.3151
0.1583
0.7392
0.5419
0.0386
0.8370
0.9808
0.7055
0.6636
0.1955
0.4490
0.5306
0.1364
0.4635
0.8695
0.7371
0.0246
0.9723
0.0837
0.3821
0.5393
0.0953
0.3918
0.9610
0.4279
0.1487
0.0438
0.3995
0.9863
0.7099
0.2550
0.2154
0.6938
0.4064
0.9818
0.5409
0.0812
0.7001
0.6458
0.5084
0.9329
0.8593
0.5115
0.7515
0.3299
0.0808
0.8776
0.6949
0.6535
0.0172
0.0893
0.1060
0.4770
0.9932
0.7806
0.3330
0.7775
0.7073
0.0258
0.8608
0.0193
0.4982
0.2714
0.4746
0.4426
0.8819
0.9591
0.8204
0.1124
0.0853
0.1880
0.3161
0.5716
0.2336
0.5895
0.0365
0.3136
0.5609
0.6994
0.7145
0.3307
0.5542
0.7140
0.0196
0.1248
0.0409
0.3969
0.8178
0.5796
0.5134
0.9281
0.8883
0.0038
0.3038
0.4410
0.9538
0.2387
0.3808
0.3330
0.1544
0.0858
0.6568
0.4404
0.5784
0.0743
0.5769
0.6168
0.5802
0.5609
0.1601
0.4120
0.8041
0.6540
0.0495
0.8675
0.4035
0.2608
0.1672
0.1113
0.9605
0.9020
0.7110
0.1117
0.5747
0.4667
0.7144
0.0258
0.2388
0.3990
0.7688
0.3121
0.4950
0.1116
0.2749
0.5630
0.9650
0.3376
0.3611
0.0197
0.4749
0.2168
0.6327
0.7906
0.1200
0.4232
0.6708
0.2986
0.3986
0.0574
0.3480
0.3594
0.9775
0.8799
0.1240
0.6745
0.9083
0.0945
0.3825
0.1106
0.5848
0.1353
0.5315
0.0260
0.2581
0.3273
0.3171
0.2392
0.9572
0.7189
0.3066
0.1916
0.6164
0.9874
0.2896
0.1130
0.1869
0.4980
0.9392
0.8276
0.2544
0.6349
0.9413
0.7610
0.4630
0.1855
0.4454
0.3875
0.1370
0.8662
0.5269
0.6198
0.3369
0.0813
0.4896
0.5528
0.0014
0.7575
0.4328
0.7318
0.3191
0.2763
0.3832
0.3707
0.3116
0.2010
0.8648
0.7508
0.2855
0.6193
0.9460
0.7368
0.2595
0.0760
0.2331
0.5751
0.4009
0.1745
0.7054
0.7209
0.1195
0.2350
0.4238
0.3330
0.0246
0.1620
0.1058
0.7610
0.4321
0.1884
0.7712
0.9928
0.6387
0.0534
0.8588
0.6474
0.8032
0.8782
0.4567
0.3579
0.2082
0.9611
0.5796
0.2367
0.0476
0.9614
0.5370
0.9056
0.2710
0.0558
0.8530
0.7427
0.1918
0.1312
0.2115
0.9007
0.2572
0.0172
0.4376
0.6413
0.4447
0.7205
0.4247
0.2586
0.8062
0.7667
0.4061
0.2050
0.4941
0.5102
0.3381
0.6085
0.5573
0.4936
0.9618
0.7356
0.3655
0.4008
0.5030
0.4648
0.1822
0.3437
0.7910
0.9490
0.3431
0.1058
0.5964
0.3122
0.6766
0.3642
0.2781
0.8916
0.9894
0.9300
0.0021
0.7292
0.4204
0.3263
0.3683
0.1650
0.0310
0.2830
0.1733
0.8755
0.8879
0.7827
0.9907
0.1373
0.2468
0.3865
0.5754
0.0971
0.5764
0.8454
0.2307
0.8822
0.3934
0.1267
0.8380
0.4905
0.3161
0.6777
0.8031
0.3634
0.9624
0.6076
0.5837
0.0454
0.4989
0.1665
0.8935
0.9923
0.8471
0.0641
0.8654
0.7100
0.0081
0.1328
0.4996
0.4283
0.3314
0.1367
0.4222
0.0216
0.0184
0.8428
0.4273
0.3641
0.8260
0.1156
0.5996
0.0587
0.8846
0.7588
0.7322
0.5803
0.6813
0.4594
0.0229
0.7815
0.7937
0.0775
0.2675
0.0032
0.3358
0.9904
0.0586
0.6385
0.9017
0.8611
0.7561
0.5155
0.1946
0.9949
0.3946
0.2675
0.5108
0.9783
0.2268
0.9707
0.9870
0.0638
0.0993
0.1242
0.4991
0.3062
0.7913
0.3542
0.4524
0.7109
0.5963
0.5695
0.7096
0.8049
0.2882
0.1079
0.7894
0.1794
0.8890
0.1577
0.7742
0.0302
0.9436
0.8502
0.6559
0.8431
0.5430
0.1117
0.1422
0.0553
0.7386
0.8630
0.8953
0.7269
0.3173
0.6515
0.9585
0.0683
0.4922
0.9677
0.8153
0.6401
0.1880
0.1221
0.4879
0.1966
0.5986
0.6360
0.0305
0.0319
0.0446
0.2041
0.3409
0.1562
0.7042
0.2655
0.1112
0.9047
0.8738
0.9251
0.0220
0.1941
0.4995
0.0292
0.4468
0.2886
0.6031
0.5893
0.8839
0.9891
0.3349
0.4663
0.8656
0.4721
0.1988
0.8683
0.9615
0.2745
0.6508
0.1947
0.6345
0.9040
0.8606
0.6430
0.1509
0.3075
0.6349
0.3582
0.1884
0.1707
0.8234
0.2472
0.1815
0.4620
0.6108
0.4447
0.2590
0.0605
0.0426
0.9021
0.0046
0.8242
0.6509
0.1307
0.1884
0.1154
0.5829
0.0664
0.8264
0.1787
0.8914
0.3960
0.4959
0.6056
0.5250
0.6233
0.0317
0.9959
0.9153
0.3681
0.6293
0.9823
0.3191
0.5449
0.6033
0.1858
0.9191
0.6377
0.1720
0.5591
0.0780
0.5242
0.7721
0.7276
0.5618
0.7274
0.8374
0.0174
0.0573
0.5317
0.2479
0.7206
0.6571
0.2018
0.4755
0.7302
0.6598
0.0544
0.5182
0.3706
0.3083
0.0529
0.7421
0.6377
0.6247
0.2854
0.5508
0.5287
0.7204
0.4520
0.7637
0.1290
0.1738
0.5434
0.9560
0.7819
0.3590
0.1322
0.1084
0.1301
0.8779
0.2483
0.8436
0.7362
0.4325
0.7888
0.7021
0.4298
0.9735
0.3276
0.7103
0.0694
0.4987
0.2493
0.4991
0.1281
0.6077
0.5559
0.3627
0.9561
0.3314
0.3617
0.5805
0.0704
0.6450
0.2865
0.8986
0.2891
0.0587
0.8912
0.6960
0.7104
0.0732
0.0214
0.7933
0.4320
0.3849
0.4961
0.4883
0.7167
0.5457
0.7467
0.8024
0.0149
0.5406
0.7952
0.0461
0.5975
0.0636
0.1039
0.5192
0.6658
0.2700
0.2614
0.8651
0.3369
0.4743
0.0795
0.9262
0.7056
0.3872
0.8293
0.7455
0.0358
0.4486
0.2223
0.3885
0.8447
0.8133
0.6088
0.5333
0.4447
0.3002
0.8110
0.7863
0.6257
0.5164
0.4615
0.7305
0.4518
0.9424
0.1085
0.4034
0.0613
0.0490
0.8911
0.1373
0.3255
0.9414
0.7094
0.0796
0.3296
0.9926
0.8019
0.2695
0.2362
0.0006
0.0837
0.7972
0.3274
0.5863
0.4160
0.4803
0.5420
0.8449
0.2458
0.0601
0.3114
0.6207
0.5340
0.5029
0.1929
0.2534
0.9980
0.7041
0.8883
0.9692
0.8492
0.9059
0.9641
0.7830
0.8331
0.1844
0.7190
0.2782
0.5933
0.3699
0.7058
0.2058
0.3535
0.7479
0.8463
0.9525
0.4875
0.0753
0.6412
0.9088
0.7864
0.7214
0.5584
0.7440
0.4596
0.5546
0.4067
0.4190
0.4309
0.9390
0.2423
0.2544
0.8485
0.5743
0.9679
0.3046
0.8777
0.9202
0.5376
0.8115
0.9163
0.4159
0.5048
0.6250
0.9270
0.0554
0.0318
0.5762
0.1055
0.7996
0.5912
0.3346
0.6794
0.1767
0.7654
0.5070
0.3242
0.0945
0.7411
0.5227
0.0312
0.5002
0.0477
0.5241
0.4685
0.9207
0.6844
0.9342
0.9583
0.3374
0.3008
0.1470
0.5608
0.7911
0.8900
0.2184
0.8008
0.6235
0.2470
0.0835
0.1249
0.7163
0.2389
0.2109
0.5887
0.3430
0.5958
0.9346
0.8088
0.0833
0.1716
0.0760
0.1169
0.7561
0.4718
0.3573
0.3696
0.9749
0.3465
0.2793
0.0955
0.0902
0.8731
0.2436
0.4649
0.7487
0.8979
0.0931
0.7903
0.6416
0.5500
0.0874
0.4054
0.8145
0.4556
0.5156
0.4476
0.1626
0.6737
0.0484
0.8328
0.7283
0.6680
0.9057
0.7893
0.0534
0.5419
0.0462
0.5759
0.0151
0.9870
0.6545
0.5641
0.8565
0.9257
0.8785
0.1249
0.1048
0.8385
0.3980
0.3844
0.7322
0.8469
0.3185
0.9061
0.9891
0.6766
0.9057
0.5101
0.4462
0.6554
0.9870
0.7408
0.6173
0.9878
0.5446
0.2693
0.8762
0.2438
0.4072
0.8706
0.6342
0.1407
0.1785
0.4877
0.3158
0.2490
0.0913
0.9488
0.1475
0.8291
0.5275
0.8585
0.3160
0.3534
0.2817
0.0120
0.2557
0.8554
0.7255
0.1574
0.6020
0.5385
0.0161
0.2760
0.9323
0.9078
0.9265
0.1004
0.7313
0.7225
0.7469
0.7716
0.0077
0.9453
0.9901
0.2878
0.4822
0.7016
0.8434
0.1248
0.7322
0.9006
0.6629
0.6765
0.1078
0.5565
0.2413
0.1822
0.2362
0.8504
0.0301
0.6679
0.9951
0.2517
0.2918
0.1362
0.2718
0.8381
0.1545
0.9673
0.4146
0.9239
0.1114
0.0405
0.4867
0.7440
0.7383
0.7250
0.0103
0.5872
0.1178
0.8040
0.6995
0.2823
0.9361
0.7220
0.3315
0.5009
0.1002
0.1045
0.7378
0.5736
0.3317
0.7339
0.1519
0.8448
0.9767
0.1310
0.8042
0.9673
0.6764
0.4815
0.0452
0.4766
0.5934
0.5919
0.0893
0.4091
0.6150
0.0164
0.1858
0.6990
0.1151
0.1628
0.9690
0.3166
0.0880
0.0531
0.8027
0.9991
0.8567
0.8199
0.1935
0.5835
0.2697
0.0157
0.6831
0.5686
0.2820
0.1421
0.3619
0.3903
0.9194
0.6213
0.9157
0.6378
0.6243
0.4189
0.7333
0.0289
0.4888
0.4431
0.7168
0.4582
0.7574
0.1121
0.6466
0.4918
0.5151
0.3807
0.4073
0.3876
0.5503
0.2077
0.1009
0.4543
0.1073
0.0779
0.6356
0.8682
0.3162
0.8111
0.7174
0.9215
0.9348
0.8823
0.0602
0.1483
0.0027
0.4927
0.5201
0.1515
0.3206
0.9682
0.4528
0.8392
0.5744
0.3622
0.1770
0.2665
0.9060
0.5857
0.5856
0.3689
0.7625
0.0305
0.8741
0.2360
0.9872
0.9102
0.0577
0.0326
0.5538
0.3315
0.5459
0.0524
0.9451
0.6232
0.5519
0.6714
0.2909
0.5208
0.8933
0.3677
0.7882
0.9426
0.5479
0.5307
0.7205
0.4891
0.9325
0.2556
0.0966
0.6222
0.4621
0.0137
0.5065
0.7407
0.2113
0.4039
0.1881
0.0823
0.4970
0.0793
0.6717
0.9693
0.9752
0.3180
0.1253
0.6190
0.0582
0.4801
0.0641
0.9435
0.0997
0.8071
0.2823
0.6642
0.1454
0.6464
0.7889
0.0765
0.2513
0.9621
0.1646
0.1600
0.3547
0.9068
0.5509
0.7778
0.4877
0.8228
0.4384
0.4290
0.5839
0.7610
0.9095
0.4543
0.0266
0.1003
0.6064
0.6087
0.5525
0.5230
0.2218
0.8856
0.2413
0.6248
0.8984
0.8169
0.7200
0.2854
0.4506
0.6893
0.6086
0.8583
0.1206
0.0705
0.7297
0.2698
0.1659
0.6355
0.6949
0.1337
0.1130
0.0041
0.2794
0.2421
0.4801
0.7256
0.8253
0.7846
0.2723
0.6582
0.9491
0.9986
0.3539
0.6554
0.7128
0.4362
0.7965
0.3027
0.3014
0.0487
0.4956
0.7813
0.2511
0.5771
0.2643
0.5388
0.6567
0.8883
0.8906
0.5978
0.9506
0.8304
0.9931
0.5669
0.7097
0.7898
0.5855
0.6408
0.5481
0.9051
0.3253
0.0403
0.1779
0.3025
0.3906
0.6147
0.3415
0.3718
0.7067
0.2827
0.5390
0.8286
0.1517
0.1573
0.7387
0.9716
0.2762
0.8749
0.9149
0.1548
0.0283
0.3305
0.3980
0.3382
0.1521
0.3286
0.5110
0.4000
0.5908
0.4493
0.3464
0.3671
0.1348
0.5460
0.0947
0.9980
0.7181
0.9990
0.2252
0.9687
0.1471
0.0213
0.7761
0.9680
0.0150
0.7038
0.1041
0.7736
0.7712
0.7117
0.6697
0.2563
0.9879
0.5814
0.7373
0.0847
0.5351
0.2358
0.2932
0.9338
0.2193
0.0419
0.6329
0.2429
0.1603
0.0540
0.9601
0.8159
0.2208
0.0305
0.4690
0.0484
0.2580
0.4817
0.0176
0.1346
0.0407
0.4759
0.4564
0.3505
0.5269
0.3947
0.3504
0.4944
0.8117
0.2952
0.9896
0.0317
0.8442
0.7730
0.6800
0.7915
0.1641
0.7473
0.5703
0.3365
0.5855
0.1521
0.9367
0.6598
0.2461
0.8216
0.5315
0.2919
0.9215
0.3726
0.6324
0.2088
0.6205
0.0410
0.5686
0.2960
0.7540
0.8358
0.7764
0.6901
0.6860
0.5107
0.3478
0.0049
0.8996
0.4294
0.5841
0.2104
0.8978
0.8064
0.4811
0.3460
0.4928
0.2829
0.1280
0.7869
0.3247
0.8095
0.9328
0.2260
0.9388
0.4540
0.1839
0.3958
0.8860
0.3207
0.1117
0.7425
0.8720
0.1161
0.8344
0.5774
0.1840
0.3146
0.2136
0.4767
0.0989
0.3087
0.9677
0.9529
0.3860
0.9756
0.4957
0.2748
0.8777
0.8455
0.0112
0.8812
0.1667
0.2985
0.8889
0.2101
0.5943
0.6790
0.8090
0.7402
0.6299
0.9140
0.3799
0.8365
0.2460
0.0312
0.0683
0.6232
0.9799
0.8639
0.1227
0.3195
0.1283
0.7449
0.4290
0.0444
0.7738
0.9956
0.1990
0.6819
0.1817
0.6969
0.4368
0.0582
0.0800
0.3643
0.2999
0.1280
0.9899
0.3869
0.7050
0.4904
0.0074
0.7355
0.7217
0.5965
0.3915
0.4100
0.0737
0.5778
0.6631
0.7718
0.5800
0.7803
0.9297
0.5567
0.9418
0.1011
0.5470
0.1689
0.5229
0.1331
0.8499
0.3074
0.5758
0.0492
0.8646
0.7033
0.3891
0.4584
0.5682
0.8341
0.8034
0.6749
0.4531
0.4140
0.7682
0.0262
0.8358
0.5069
0.3610
0.8378
0.3214
0.8372
0.1366
0.9844
0.6232
0.4925
0.3843
0.9429
0.3874
0.3444
0.6086
0.3963
0.8695
0.7007
0.3119
0.1470
0.6639
0.8531
0.5426
0.7854
0.3472
0.4679
0.6219
0.0380
0.9506
0.3620
0.1085
0.9920
0.8830
0.7180
0.0305
0.1860
0.8607
0.9448
0.4532
0.1427
0.2504
0.0466
0.1866
0.3088
0.8063
0.2589
0.6890
0.0360
0.2398
0.9952
0.9938
0.7862
0.5864
0.0559
0.7335
0.3045
0.7880
0.5932
0.4390
0.3778
0.0247
0.0935
0.4354
0.3992
0.3036
0.7023
0.2157
0.8462
0.5404
0.7380
0.6598
0.6886
0.8265
0.4086
0.6192
0.9381
0.1401
0.6775
0.7941
0.0291
0.0221
0.6229
0.5035
0.6191
0.2532
0.9490
0.6573
0.1580
0.8739
0.9739
0.4223
0.6918
0.0388
0.3203
0.6567
0.1030
0.7826
0.1066
0.3533
0.9437
0.3542
0.1048
0.1391
0.2403
0.9653
0.4368
0.4985
0.3166
0.6347
0.7857
0.1859
0.6906
0.4253
0.9599
0.8569
0.8720
0.0946
0.9737
0.8260
0.5417
0.3992
0.2712
0.8786
0.0150
0.1029
0.2755
0.9993
0.1846
0.3830
0.3193
0.4160
0.3424
0.5614
0.7599
0.1468
0.6317
0.3625
0.6399
0.3924
0.8822
0.2223
0.7638
0.1528
0.6884
0.4311
0.4137
0.2368
0.9252
0.2130
0.1535
0.9700
0.5523
0.1339
0.2962
0.9571
0.7004
0.6084
0.2333
0.0698
0.2254
0.8876
0.7854
0.8048
0.0862
0.6917
0.8896
0.2033
0.6089
0.5997
0.7584
0.6115
0.8826
0.6736
0.5585
0.0093
0.2291
0.0252
0.5463
0.4203
0.0504
0.4033
0.1130
0.3373
0.9781
0.9953
0.8892
0.4808
0.9356
0.9092
0.5214
0.2328
0.5815
0.6125
0.9635
0.9190
0.2209
0.7402
0.2613
0.9116
0.3578
0.2168
0.6215
0.5033
0.8902
0.9790
0.4464
0.4983
0.8087
0.8187
0.9101
0.5400
0.6959
0.2731
0.5060
0.9319
0.1697
0.9616
0.4910
0.0412
0.9351
0.2981
0.2498
0.0739
0.3442
0.0484
0.1335
0.8799
0.5480
0.5776
0.5057
0.7254
0.4134
0.7041
0.7061
0.4073
0.8982
0.9411
0.6909
0.9844
0.1450
0.4704
0.8668
0.6754
0.7554
0.4902
0.6580
0.9103
0.3459
0.3684
0.3042
0.6594
0.5195
0.0984
0.7525
0.9881
0.8499
0.9117
0.8556
0.2446
0.9449
0.7990
0.5189
0.3538
0.4665
0.6675
0.9837
0.6633
0.5410
0.2407
0.8709
0.5402
0.4371
0.3811
0.2405
0.3095
0.0567
0.5226
0.9353
0.5806
0.8906
0.0902
0.4325
0.4936
0.9782
0.5449
0.5200
0.3569
0.4871
0.9119
0.8209
0.7629
0.7939
0.1764
0.3245
0.0200
0.3621
0.7018
0.7313
0.5518
0.3659
0.1955
0.2364
0.0974
0.4974
0.8567
0.2497
0.5020
0.0743
0.4469
0.7858
0.4040
0.1487
0.3214
0.4046
0.1323
0.9127
0.3963
0.1540
0.4560
0.9761
0.1882
0.4799
0.8037
0.2975
0.4655
0.5043
0.9448
0.0354
0.3922
0.1369
0.0582
0.3888
0.3983
0.4696
0.4194
0.5638
0.2385
0.3073
0.8238
0.3491
0.5742
0.2268
0.4142
0.6761
0.4831
0.2181
0.0941
0.0571
0.1159
0.2817
0.9758
0.7319
0.9810
0.7799
0.8895
0.8400
0.9935
0.4828
0.6032
0.4770
0.6571
0.8483
0.1036
0.1844
0.3549
0.8836
0.1307
0.9785
0.0414
0.9843
0.2599
0.8900
0.8782
0.8558
0.2836
0.3870
0.8992
0.4960
0.4180
0.0032
0.3518
0.6742
0.3374
0.0314
0.3888
0.9358
0.8860
0.3751
0.9436
0.4903
0.0600
0.0569
0.8610
0.7593
0.5516
0.8084
0.4457
0.8819
0.7972
0.7372
0.9140
0.9622
0.3079
0.7562
0.3494
0.8762
0.7718
0.0082
0.7012
0.8527
0.6974
0.2710
0.0086
0.7751
0.9423
0.9700
0.5740
0.3446
0.8423
0.0595
0.5509
0.8012
0.3430
0.7352
0.0960
0.4001
0.5819
0.4049
0.4069
0.5209
0.1984
0.4332
0.1128
0.3478
0.5466
0.1736
0.3415
0.1116
0.1170
0.6482
0.9880
0.4234
0.2148
0.0470
0.1402
0.5801
0.9020
0.6941
0.6476
0.3717
0.7904
0.6533
0.5380
0.5388
0.9078
0.7844
0.7314
0.1442
0.2320
0.6296
0.7133
0.5796
0.3560
0.1673
0.0628
0.3247
0.0453
0.4647
0.9487
0.8710
0.7925
0.1591
0.9582
0.5181
0.2153
0.6056
0.6591
0.6178
0.4236
0.0032
0.8532
0.0464
0.2485
0.4720
0.9063
0.4186
0.9145
0.6649
0.2419
0.3924
0.7897
0.3987
0.7909
0.2451
0.1436
0.5909
0.7195
0.0333
0.3991
0.7428
0.2621
0.6529
0.8507
0.7118
0.2544
0.6324
0.7189
0.1819
0.1529
0.1729
0.9367
0.5224
0.7783
0.7681
0.4370
0.5696
0.3829
0.9593
0.8755
0.1261
0.2202
0.7207
0.8005
0.1094
0.2973
0.0706
0.0385
0.2516
0.0562
0.1090
0.0439
0.0653
0.0268
0.9482
0.0151
0.3410
0.7404
0.3416
0.6256
0.1312
0.4669
0.4327
0.6120
0.9582
0.0390
0.0354
0.2530
0.8036
0.3335
0.2957
0.2991
0.7948
0.8316
0.8688
0.4447
0.9014
0.6953
0.6850
0.2746
0.4281
0.1199
0.0034
0.0657
0.4678
0.5505
0.7240
0.4740
0.3707
0.1621
0.9862
0.4105
0.5703
0.7431
0.5745
0.8027
0.0719
0.6162
0.9768
0.5115
0.9165
0.5940
0.9403
0.9932
0.8506
0.6370
0.7860
0.2442
0.9228
0.7303
0.9454
0.0900
0.8174
0.7200
0.5513
0.3257
0.8532
0.4163
0.8786
0.5259
0.7405
0.4380
0.2881
0.9943
0.6757
0.0262
0.4698
0.3144
0.6070
0.4247
0.4894
0.1760
0.5923
0.8353
0.4816
0.0097
0.3548
0.6158
0.8160
0.3677
0.6525
0.5358
0.1882
0.0433
0.0171
0.8946
0.0778
0.3874
0.1280
0.2620
0.2203
0.8864
0.9330
0.9160
0.4029
0.4750
0.0341
0.7113
0.5511
0.5689
0.0219
0.3894
0.8416
0.5352
0.9843
0.0574
0.3155
0.0275
0.5225
0.3989
0.8371
0.9586
0.3206
0.2555
0.7132
0.8093
0.0143
0.0909
0.2594
0.6456
0.5194
0.7968
0.9411
0.4539
0.6543
0.0155
0.2553
0.8867
0.3876
0.5042
0.7884
0.0426
0.8295
0.7020
0.8816
0.4092
0.7740
0.7567
0.7404
0.0626
0.4158
0.4632
0.7652
0.3213
0.8564
0.1544
0.7565
0.7508
0.4073
0.7186
0.5641
0.6678
0.4791
0.9450
0.5131
0.3839
0.3397
0.4717
0.9852
0.7815
0.2989
0.8788
0.1552
0.6096
0.0336
0.2238
0.0155
0.5230
0.3492
0.6224
0.3179
0.9685
0.7156
0.5596
0.4481
0.9457
0.3192
0.4849
0.6940
0.3487
0.2978
0.0249
0.2027
0.1365
0.9828
0.2458
0.3436
0.5310
0.7293
0.6027
0.8419
0.0248
0.9021
0.2805
0.8359
0.9338
0.6543
0.2794
0.9579
0.5082
0.1327
0.7844
0.2121
0.8075
0.8078
0.8069
0.1510
0.4060
0.1350
0.2289
0.6660
0.8385
0.6168
0.1149
0.3048
0.2382
0.2089
0.2177
0.6138
0.7293
0.4475
0.0280
0.9829
0.4748
0.2575
0.7050
0.6381
0.3259
0.4511
0.3124
0.7235
0.5048
0.4038
0.5255
0.3880
0.7769
0.8516
0.1023
0.4757
0.0692
0.6658
0.6220
0.4230
0.3893
0.3110
0.0055
0.6875
0.9304
0.7330
0.7146
0.8893
0.8650
0.2252
0.6495
0.8951
0.4197
0.1537
0.3966
0.9580
0.0710
0.2367
0.7020
0.8061
0.3278
0.4493
0.1571
0.2221
0.5157
0.8477
0.5093
0.9405
0.1406
0.2390
0.7574
0.8952
0.4678
0.6944
0.4490
0.8560
0.9985
0.8488
0.0262
0.7804
0.6617
0.3581
0.3119
0.4250
0.3882
0.2748
0.6195
0.7658
0.3887
0.5921
0.1142
0.4687
0.6524
0.1028
0.4795
0.8680
0.6926
0.5880
0.6629
0.6656
0.0376
0.4694
0.2141
0.9370
0.1869
0.0987
0.4084
0.1395
0.6047
0.2081
0.8194
0.6202
0.2842
0.9435
0.2972
0.3101
0.1976
0.5944
0.2330
0.1439
0.4681
0.4975
0.2264
0.0349
0.9614
0.8519
0.3804
0.6939
0.2285
0.6535
0.1916
0.7937
0.1455
0.3431
0.7264
0.4908
0.9840
0.0918
0.4933
0.1970
0.1599
0.8184
0.8476
0.4053
0.1417
0.7714
0.9457
0.3916
0.0070
0.5632
0.7429
0.6111
0.9364
0.8104
0.8157
0.0542
0.3778
0.5759
0.8918
0.6154
0.9480
0.1612
0.6251
0.7180
0.2262
0.9461
0.1399
0.7614
0.7688
0.3350
0.0660
0.4515
0.3333
0.9950
0.5021
0.0894
0.1740
0.9569
0.6161
0.4483
0.9087
0.1184
0.6823
0.5149
0.7191
0.0337
0.2130
0.6091
0.3646
0.5304
0.3664
0.6143
0.7673
0.6849
0.3778
0.5137
0.3228
0.3556
0.7657
0.8583
0.1553
0.9664
0.6798
0.0678
0.8006
0.3264
0.0886
0.4164
0.7619
0.2658
0.2702
0.7332
0.1444
0.9189
0.3871
0.7894
0.5222
0.6371
0.3204
0.6459
0.8799
0.6505
0.7002
0.6954
0.4285
0.8738
0.0731
0.4941
0.9782
0.4443
0.3696
0.5582
0.1961
0.0932
0.4822
0.0548
0.9732
0.2565
0.8451
0.8952
0.3711
0.9950
0.2355
0.1955
0.3853
0.2666
0.0723
0.2657
0.2916
0.4777
0.0710
0.2206
0.7746
0.1879
0.5832
0.3594
0.1190
0.4932
0.9111
0.4590
0.2548
0.3714
0.6988
0.6367
0.1467
0.7330
0.8409
0.0918
0.9068
0.3896
0.8152
0.4164
0.4807
0.9353
0.6519
0.5758
0.2453
0.2275
0.5091
0.4503
0.6950
0.4870
0.3803
0.1053
0.8396
0.2777
0.5983
0.9228
0.6180
0.5466
0.1874
0.3478
0.7695
0.7659
0.8761
0.9928
0.3919
0.2314
0.0210
0.5671
0.6718
0.2359
0.7143
0.1515
0.1461
0.2041
0.3305
0.1047
0.0142
0.8319
0.4432
0.0650
0.3130
0.7595
0.8114
0.9188
0.7196
0.8510
0.2282
0.3476
0.3154
0.3264
0.1755
0.8084
0.2745
0.4992
0.3851
0.7357
0.4863
0.8770
0.4958
0.0295
0.4228
0.9662
0.8392
0.9858
0.2337
0.4131
0.5371
0.0021
0.2637
0.5042
0.6071
0.3992
0.9475
0.7907
0.5442
0.2375
0.7896
0.4540
0.1331
0.4584
0.7920
0.9768
0.0919
0.7533
0.2871
0.9072
0.5761
0.1035
0.4738
0.5703
0.4042
0.1243
0.6649
0.0985
0.2437
0.7598
0.3173
0.0562
0.1692
0.1456
0.5148
0.7797
0.7956
0.5325
0.4086
0.0305
0.0264
0.2118
0.6483
0.6706
0.7737
0.2975
0.3400
0.9368
0.8770
0.5251
0.3465
0.2432
0.8770
0.0955
0.4060
0.0080
0.1126
0.8704
0.5978
0.7198
0.8066
0.5041
0.9278
0.3614
0.9082
0.4667
0.6218
0.0540
0.2455
0.4608
0.2255
0.1070
0.0634
0.0526
0.5258
0.8750
0.8213
0.2139
0.0733
0.5123
0.2467
0.8418
0.8478
0.5178
0.2606
0.0665
0.5453
0.3189
0.3451
0.2546
0.0767
0.1007
0.7223
0.5985
0.4500
0.3578
0.1184
0.9366
0.6497
0.4082
0.2315
0.8223
0.9313
0.7578
0.7174
0.5182
0.5531
0.8415
0.8685
0.8361
0.1471
0.9885
0.4781
0.2708
0.5884
0.9251
0.9498
0.3683
0.5979
0.9480
0.6185
0.2388
0.3405
0.6146
0.8591
0.5886
0.7494
0.1312
0.6988
0.8594
0.2563
0.7969
0.1308
0.9954
0.7066
0.8181
0.4311
0.3881
0.5210
0.7807
0.8488
0.7707
0.6586
0.3029
0.7572
0.4728
0.5642
0.9989
0.9911
0.0440
0.4006
0.7142
0.9189
0.8477
0.7960
0.5601
0.0110
0.1918
0.5682
0.0238
0.3960
0.5571
0.1747
0.5163
0.9845
0.1807
0.3845
0.0896
0.3950
0.1179
0.2155
0.6842
0.6818
0.6298
0.1610
0.4391
0.3503
0.7965
0.3629
0.7532
0.9767
0.2423
0.0045
0.4204
0.0451
0.6264
0.1187
0.4867
0.1310
0.1545
0.7738
0.7595
0.2774
0.6439
0.6399
0.8421
0.7637
0.7973
0.0519
0.5072
0.3084
0.7395
0.3941
0.4134
0.0073
0.7238
0.9108
0.1937
0.9636
0.3476
0.9240
0.7010
0.9645
0.6411
0.4534
0.6098
0.4825
0.6651
0.2987
0.8599
0.4913
0.8557
0.7003
0.6274
0.5980
0.4537
0.6168
0.2591
0.7624
0.3974
0.7737
0.7879
0.4036
0.9007
0.2735
0.1655
0.0903
0.0400
0.6508
0.5104
0.4075
0.8019
0.6857
0.9308
0.2269
0.5845
0.5949
0.7126
0.2295
0.7152
0.7766
0.1173
0.4736
0.9981
0.0287
0.5306
0.4642
0.7580
0.7917
0.6122
0.1753
0.6150
0.5573
0.4541
0.4512
0.4399
0.5721
0.2021
0.3290
0.5722
0.5694
0.6935
0.0112
0.8146
0.1001
0.9912
0.7556
0.3246
0.3709
0.9350
0.1449
0.7773
0.3147
0.8952
0.1027
0.3992
0.1871
0.0856
0.2213
0.2244
0.4280
0.6496
0.3705
0.4952
0.8470
0.2495
0.0799
0.9568
0.2285
0.6418
0.2512
0.9034
0.8422
0.9872
0.5010
0.8678
0.8125
0.4984
0.4271
0.9506
0.7186
0.2074
0.1879
0.6859
0.4614
0.3951
0.1953
0.1900
0.9404
0.1856
0.1031
0.3457
0.0691
0.9725
0.0152
0.8132
0.2666
0.3143
0.0846
0.6668
0.2770
0.1347
0.5145
0.5304
0.8133
0.6661
0.5602
0.2868
0.0757
0.0395
0.3137
0.3555
0.1218
0.5366
0.6164
0.0450
0.9199
0.8412
0.0820
0.3510
0.4165
0.4906
0.3222
0.1579
0.3415
0.7653
0.9291
0.6475
0.2297
0.6223
0.1506
0.1226
0.6559
0.9134
0.7297
0.8794
0.5248
0.3382
0.9548
0.3783
0.2291
0.3789
0.8645
0.7641
0.1067
0.6999
0.9232
0.3527
0.5742
0.3245
0.3944
0.9635
0.2361
0.2336
0.9803
0.4702
0.7628
0.8687
0.7944
0.0372
0.1639
0.1999
0.3414
0.0412
0.0796
0.6845
0.0253
0.9431
0.9968
0.6667
0.2941
0.6331
0.8898
0.9707
0.6190
0.5006
0.2111
0.2575
0.1565
0.9781
0.2994
0.0636
0.8796
0.9277
0.8280
0.6862
0.6460
0.5651
0.5700
0.3521
0.5767
0.7608
0.0067
0.5959
0.2075
0.9154
0.9956
0.1530
0.2608
0.0712
0.4445
0.8838
0.7465
0.8377
0.9751
0.2290
0.9100
0.6305
0.1963
0.4655
0.5158
0.3440
0.0516
0.0933
0.3003
0.4108
0.9285
0.3932
0.6936
0.4403
0.4836
0.2576
0.1441
0.0427
0.4599
0.9673
0.2363
0.6831
0.9046
0.0386
0.0597
0.3093
0.6705
0.3173
0.6879
0.0346
0.5100
0.2892
0.6556
0.3322
0.7671
0.6671
0.6958
0.7678
0.8359
0.4717
0.8788
0.9301
0.6262
0.0130
0.0523
0.9384
0.9265
0.7719
0.0740
0.5556
0.3443
0.3400
0.3700
0.4171
0.7319
0.4590
0.7125
0.5092
0.4947
0.2418
0.7727
0.0338
0.2394
0.9480
0.1648
0.0107
0.8867
0.2401
0.8898
0.0159
0.6448
0.6206
0.8947
0.0505
0.8223
0.0503
0.3099
0.2717
0.6870
0.8826
0.0520
0.0940
0.9624
0.6594
0.7571
0.7747
0.3834
0.0737
0.5801
0.6335
0.4389
0.4579
0.8004
0.5138
0.3244
0.8411
0.0150
0.9354
0.0785
0.3981
0.9315
0.5524
0.3123
0.6006
0.5108
0.2301
0.7232
0.4601
0.1055
0.2143
0.3918
0.3386
0.3572
0.1074
0.5518
0.2520
0.7682
0.5335
0.7387
0.3718
0.6458
0.7705
0.3066
0.1062
0.0336
0.2240
0.6746
0.9253
0.8140
0.2463
0.1460
0.1592
0.0235
0.3737
0.0873
0.8101
0.3780
0.3284
0.8187
0.9668
0.6233
0.6447
0.8873
0.8853
0.9441
0.7291
0.8831
0.0915
0.3420
0.3835
0.8270
0.0913
0.2507
0.6995
0.3393
0.9982
0.3947
0.6943
0.1400
0.2269
0.8722
0.5853
0.8422
0.3988
0.6580
0.0092
0.8141
0.9608
0.4839
0.0180
0.7080
0.1301
0.0976
0.3729
0.7720
0.0621
0.7599
0.9447
0.3051
0.5766
0.1123
0.7873
0.4216
0.5347
0.4920
0.4104
0.6783
0.7690
0.0879
0.4562
0.0549
0.2596
0.6300
0.1735
0.4280
0.1875
0.8989
0.2745
0.1313
0.0889
0.3826
0.8359
0.8502
0.7961
0.7431
0.6653
0.1205
0.0497
0.8840
0.5072
0.9583
0.4801
0.8166
0.9679
0.4712
0.4809
0.2377
0.9860
0.5138
0.3565
0.4129
0.4236
0.9905
0.3185
0.6297
0.9265
0.3291
0.5045
0.8959
0.8850
0.1812
0.7072
0.0260
0.2174
0.2606
0.5132
0.5296
0.0351
0.9294
0.1358
0.8408
0.5251
0.0713
0.7623
0.0673
0.6464
0.0436
0.4039
0.5443
0.2667
0.1798
0.4072
0.3859
0.6662
0.1589
0.5831
0.0378
0.6982
0.6569
0.2138
0.3105
0.4451
0.9632
0.4616
0.2396
0.4449
0.2013
0.1815
0.8780
0.4561
0.9157
0.7698
0.9343
0.8988
0.4845
0.7928
0.3777
0.2709
0.0744
0.5028
0.1852
0.7255
0.2535
0.6412
0.0468
0.9514
0.2657
0.3841
0.0853
0.0395
0.7511
0.1395
0.6154
0.2932
0.8728
0.2745
0.3855
0.4680
0.9786
0.2114
0.0206
0.9663
0.9381
0.8880
0.9431
0.6730
0.2942
0.5627
0.4827
0.4847
0.8827
0.6237
0.8818
0.2781
0.9818
0.8019
0.4960
0.0450
0.1105
0.7774
0.3245
0.7272
0.3483
0.3967
0.4008
0.7747
0.1775
0.4460
0.3013
0.1665
0.9820
0.5920
0.8186
0.2964
0.8787
0.1392
0.4370
0.3695
0.9200
0.1507
0.4321
0.2683
0.7722
0.8366
0.5066
0.9474
0.6364
0.8229
0.0048
0.6583
0.5181
0.4446
0.8605
0.3091
0.8707
0.6832
0.2886
0.5300
0.1640
0.6283
0.7426
0.7288
0.4248
0.8176
0.4172
0.6041
0.1853
0.2153
0.6057
0.5733
0.9413
0.0025
0.7982
0.6528
0.2340
0.8413
0.2219
0.2477
0.2699
0.8869
0.8694
0.7042
0.7212
0.3027
0.4982
0.8547
0.5118
0.7930
0.2441
0.6864
0.2047
0.9503
0.5550
0.0949
0.1885
0.5105
0.3473
0.0551
0.3758
0.1367
0.4313
0.7463
0.7999
0.0314
0.6363
0.7550
0.3398
0.4655
0.9699
0.2285
0.1856
0.5827
0.9260
0.9016
0.7161
0.8302
0.5931
0.8836
0.3512
0.5257
0.8838
0.2696
0.2370
0.2507
0.4300
0.9692
0.7165
0.3013
0.3054
0.4015
0.6429
0.6826
0.8872
0.5200
0.7670
0.9061
0.8760
0.0401
0.0435
0.4043
0.5633
